12 18


1 南大门
整个池州学院建筑群通向外面的主要的大门，门体建筑恢弘巨大，突出了徽韵池院的主体风格。

2 行政楼
池州学院的行政办公地点，分南北两楼，整体建筑风格属于皖南特有的徽韵风格。

3 博古楼
博古拥有池州学院最大的演出场地，坐落于图书馆右侧，大数据实验基地和校企联合场所。

4 博奕楼
博奕楼坐落于图书馆左侧，掩映在溪流间，章编三绝的门额是对学子不断的敦促与警醒。

5 图书馆
作为一所大学的灵魂所在，图书馆虎踞中央，作为池院最大的建筑体，所以也是池院学子经常学习的地方。

6 西大门
西大门是整个池州学院建筑群通向外面的侧门，分担了池州学院的交通压力，给池院学子提供了另一种方便的出行途径。

7 三四食堂
一所大学，除了看他的图书馆有多大，也要看食堂的饭香不香，所谓一方水土养一方人，三四食堂更能张扬风格。

8 一二食堂
一二食堂更像一个休闲的场所，你能在吃饭的时候，和不认识的同学，在笑声中，度过美好的用餐时光。

9 逸夫楼
逸夫楼是一座很有名的楼，他不独属于池院，但他也是池院的明信片。

10 小操场
是池院的室外小型运动场所，虽说是小型，但那是相对于大操场而言，而且支持了绝大多数的运动项目，也承办了许多学校活动。

11 体育馆
体育馆是室内运动的主要场所，承担了一些对环境有要求的体育运动，也是每年各类比赛的主要场所。

12 大操场
是池院主要的运动场所，场所支持了所有的常见体育运动项目，是晨跑和夜跑的绝佳场所。


1 2 500

1 4 280

2 3 350

3 4 300

3 5 150

3 6 330

4 5 420

4 12 970

5 6 590

5 7 520

6 7 420

7 8 430

7 9 360

8 11 470

8 12 180 

9 10 400

10 11 250

11 12 600